06 00 02 00 00 00 00 00 01 00 1D 00 9C 6C 08 02 version
06 00 02 00 04 00 00 00 01 00 00 00 04 6D 08 02 condition
02 00 02 00 6E 00 00 00 02 00 00 00 80 6F 08 02 scenario select
02 00 02 00 70 00 00 00 02 00 00 00 80 6E 08 02 scenario main
02 00 02 00 72 00 00 00 02 00 00 00 60 6E 08 02 scenario sub1
02 00 02 00 74 00 00 00 02 00 00 00 90 6E 08 02 scenario sub2
02 00 02 00 76 00 00 00 02 00 00 00 A0 6E 08 02 scenario sub3
02 00 02 00 78 00 00 00 02 00 00 00 B0 6E 08 02 scenario sub4
02 00 02 00 7A 00 00 00 02 00 00 00 40 6E 08 02 scenario sub5
02 00 02 00 7C 00 00 00 02 00 00 00 C0 6E 08 02 scenario sub6
02 00 02 00 7E 00 00 00 02 00 00 00 D0 6E 08 02 scenario sub7
02 00 02 00 80 00 00 00 02 00 00 00 E0 6E 08 02 scenario sub8
02 00 02 00 82 00 00 00 02 00 00 00 F0 6E 08 02 scenario sub9
05 00 02 00 2C 00 00 00 01 00 00 00 10 6E 08 02 ground enter
02 00 02 00 84 00 00 00 01 00 00 00 80 70 08 02 ground enter link
05 00 02 00 2E 00 00 00 01 00 00 00 00 6F 08 02 ground getout
05 00 02 00 30 00 00 00 01 00 00 00 58 6D 08 02 ground map
05 00 02 00 32 00 00 00 01 00 00 00 00 6E 08 02 ground place
05 00 02 00 34 00 00 00 01 00 00 00 50 6F 08 02 dungeon select
05 00 02 00 36 00 00 00 01 00 00 00 10 6F 08 02 dungeon enter
05 00 02 00 38 00 00 00 01 00 00 00 E4 70 08 02 dungeon enter index
04 00 02 00 5E 00 00 00 01 00 00 00 50 71 08 02 dungeon enter freq
02 00 02 00 85 00 00 00 01 00 00 00 20 6F 08 02 dungeon result
08 00 02 00 00 00 00 00 01 00 00 00 94 6D 08 02 script mode
02 00 02 00 86 00 00 00 01 00 00 00 1C 6D 08 02 start mode
02 00 02 00 87 00 00 00 01 00 00 00 64 6D 08 02 clear count
02 00 02 00 88 00 00 00 01 00 00 00 30 6F 08 02 condition kind
03 00 02 00 60 00 00 00 01 00 00 00 30 6E 08 02 weather kind
02 00 02 00 89 00 00 00 01 00 00 00 70 6D 08 02 player kind
02 00 02 00 8A 00 00 00 01 00 00 00 70 6E 08 02 partner 1 kind
02 00 02 00 8B 00 00 00 01 00 00 00 50 6E 08 02 partner 2 kind
05 00 02 00 3A 00 00 00 01 00 00 00 70 6F 08 02 new friend kind
08 00 02 00 00 00 00 00 01 00 00 00 34 6D 08 02 friend sum
08 00 02 00 00 00 00 00 01 00 00 00 A4 6C 08 02 unit sum
08 00 02 00 00 00 00 00 01 00 00 00 94 6C 08 02 gold
08 00 02 00 00 00 00 00 01 00 00 00 D4 6C 08 02 bank gold
01 00 02 00 8C 00 00 00 10 00 00 00 C8 6C 08 02 warp list
03 00 02 00 61 00 00 00 01 00 00 00 E0 6C 08 02 warp lock
03 00 02 00 62 00 00 00 01 00 00 00 58 70 08 02 partner talk kind
03 00 02 00 63 00 00 00 01 00 00 00 BC 6C 08 02 base kind
03 00 02 00 64 00 00 00 01 00 00 00 40 6D 08 02 base level
03 00 02 00 65 00 00 00 01 00 00 00 10 6D 08 02 flag kind
03 00 02 00 66 00 00 00 01 00 00 00 68 71 08 02 flag kind change request
01 00 02 00 8E 00 00 00 40 00 00 00 A0 71 08 02 rescue scenario order list
01 00 02 00 96 00 00 00 40 00 00 00 84 71 08 02 rescue scenario job list
01 00 02 00 9E 00 00 00 40 00 00 00 BC 71 08 02 rescue scenario conquest list
01 00 02 00 A6 00 00 00 20 00 00 00 38 71 08 02 training conquest list
01 00 02 00 AA 00 00 00 20 00 00 00 20 71 08 02 training presetn list
01 00 02 00 AE 00 00 00 60 00 00 00 BC 70 08 02 dungeon enter list
01 00 02 00 BA 00 00 00 60 00 00 00 D0 70 08 02 dungeon clear list
06 00 02 00 08 00 00 00 03 00 00 00 28 6D 08 02 position x
06 00 02 00 14 00 00 00 03 00 00 00 4C 6D 08 02 position y
06 00 02 00 20 00 00 00 03 00 00 00 60 6F 08 02 position height
03 00 02 00 67 00 00 00 03 00 00 00 A8 70 08 02 position direction
05 00 05 00 3C 00 00 00 01 00 00 00 A0 6D 08 02 ground local
05 00 05 00 3E 00 00 00 01 00 00 00 EC 6C 08 02 map local
01 00 05 00 C6 00 00 00 08 00 00 00 40 6F 08 02 map local door
05 00 05 00 40 00 00 00 01 00 00 00 7C 6D 08 02 event local
01 00 05 00 C7 00 00 00 20 00 00 00 F8 70 08 02 station item static
01 00 05 00 CB 00 00 00 20 00 00 00 44 70 08 02 station item temp
01 00 05 00 CF 00 00 00 10 00 00 00 0C 71 08 02 deliver item static
01 00 05 00 D1 00 00 00 10 00 00 00 6C 70 08 02 deliver item temp
05 00 05 00 42 00 00 00 08 00 00 00 F8 6C 08 02 shop temp
01 00 05 00 D3 00 00 00 10 00 00 00 B0 6C 08 02 inn temp
01 00 06 00 D5 00 00 00 10 00 00 00 20 6E 08 02 event s07e1
05 00 06 00 52 00 00 00 02 00 00 00 B0 6D 08 02 event s08e2
05 00 06 00 56 00 00 00 04 00 00 00 88 6D 08 02 event gonbe
03 00 06 00 6A 00 00 00 01 00 00 00 94 70 08 02 event ornament 1
03 00 06 00 6B 00 00 00 01 00 00 00 08 70 08 02 event ornament 2
03 00 06 00 6C 00 00 00 01 00 00 00 1C 70 08 02 event ornament 3
03 00 06 00 6D 00 00 00 01 00 00 00 30 70 08 02 event ornament 4
01 00 06 00 D7 00 00 00 10 00 00 00 C0 6D 08 02 event b01p01
01 00 06 00 D9 00 00 00 10 00 00 00 D0 6D 08 02 event t01p01
01 00 06 00 DB 00 00 00 10 00 00 00 E0 6D 08 02 event t01p02
01 00 06 00 DD 00 00 00 10 00 00 00 F0 6D 08 02 event t01p03
01 00 06 00 DF 00 00 00 08 00 00 00 F4 6F 08 02 event m01e09a 2n
01 00 06 00 E0 00 00 00 08 00 00 00 90 6F 08 02 event m01e09a 8n
01 00 06 00 E1 00 00 00 08 00 00 00 B8 6F 08 02 event m01e10a 1n
01 00 06 00 E2 00 00 00 08 00 00 00 CC 6F 08 02 event m01e10a 3n
01 00 06 00 E3 00 00 00 08 00 00 00 E0 6F 08 02 event m01e10a 5n
01 00 06 00 E4 00 00 00 08 00 00 00 A4 6F 08 02 event m02e10a 2n
00 00 00 00 E5 00 00 00 00 00 00 00 90 6C 08 02 SUM
